iteration 1... 10 25 50 75 100 200 300 400 500 750 1000 1250 1500 1750 2000 2250 2500 3000 done!
iteration 2... 10 25 50 75 100 200 300 400 500 750 1000 1250 1500 1750 2000 2250 2500 3000 done!
iteration 3... 10 25 50 75 100 200 300 400 500 750 1000 1250 1500 1750 2000 2250 2500 3000 done!
iteration 4... 10 25 50 75 100 200 300 400 500 750 1000 1250 1500 1750 2000 2250 2500 3000 done!
iteration 5... 10 25 50 75 100 200 300 400 500 750 1000 1250 1500 1750 2000 2250 2500 3000 done!
iteration 6... 10 25 50 75 100 200 300 400 500 750 1000 1250 1500 1750 2000 2250 2500 3000 done!
iteration 7... 10 25 50 75 100 200 300 400 500 750 1000 1250 1500 1750 2000 2250 2500 3000 done!
iteration 8... 10 25 50 75 100 200 300 400 500 750 1000 1250 1500 1750 2000 2250 2500 3000 done!
iteration 9... 10 25 50 75 100 200 300 400 500 750 1000 1250 1500 1750 2000 2250 2500 3000 done!
iteration 10... 10 25 50 75 100 200 300 400 500 750 1000 1250 1500 1750 2000 2250 2500 3000 done!
10 0.775 40.2367797948
25 3.11666666667 53.4948697711
50 5.9 61.2896606156
75 8.5125 65.4222573007
100 9.9875 67.8137332281
200 14.31 71.8137332281
300 16.64 73.8121546961
400 18.22 74.9944751381
500 19.58 75.8484609313
750 22.6333333333 77.4585635359
1000 24.9714285714 78.590370955
1250 27.1555555556 79.636937648
1500 27.88 80.1578531965
1750 28.6 80.5098658248
2000 30.0333333333 81.0488467947
2250 31.0 81.5686661405
2500 31.72 81.8105761642
3000 32.8285714286 82.2612470403
