iteration 1... 10 25 50 75 100 200 300 400 500 750 1000 1250 1500 1750 2000 2250 2500 3000 done!
iteration 2... 10 25 50 75 100 200 300 400 500 750 1000 1250 1500 1750 2000 2250 2500 3000 done!
iteration 3... 10 25 50 75 100 200 300 400 500 750 1000 1250 1500 1750 2000 2250 2500 3000 done!
iteration 4... 10 25 50 75 100 200 300 400 500 750 1000 1250 1500 1750 2000 2250 2500 3000 done!
iteration 5... 10 25 50 75 100 200 300 400 500 750 1000 1250 1500 1750 2000 2250 2500 3000 done!
iteration 6... 10 25 50 75 100 200 300 400 500 750 1000 1250 1500 1750 2000 2250 2500 3000 done!
iteration 7... 10 25 50 75 100 200 300 400 500 750 1000 1250 1500 1750 2000 2250 2500 3000 done!
iteration 8... 10 25 50 75 100 200 300 400 500 750 1000 1250 1500 1750 2000 2250 2500 3000 done!
iteration 9... 10 25 50 75 100 200 300 400 500 750 1000 1250 1500 1750 2000 2250 2500 3000 done!
iteration 10... 10 25 50 75 100 200 300 400 500 750 1000 1250 1500 1750 2000 2250 2500 3000 done!
10 42.1111111111 89.5490516267
25 63.14 94.12134154
50 81.06 97.1310136917
75 87.69 98.1325629109
100 89.81 98.4976761713
200 95.7125 99.3757065695
300 97.2444444444 99.6420047733
400 97.8428571429 99.7013217212
500 98.3375 99.7577475909
750 98.6555555556 99.8101857667
1000 98.875 99.8478694748
1250 99.1714285714 99.8759577942
1500 99.35 99.9048934987
1750 99.4166666667 99.9141648872
2000 99.45 99.9183519658
2250 99.6 99.9403341289
2500 99.68 99.9522673031
3000 99.68 99.9522673031
